50.0000    0.2511
50.0000    0.2489
50.0000    0.2487
50.0000    0.2443
50.0000    0.2480
50.0000    0.2496
50.0000    0.2511
50.0000    0.2559
50.0000    0.2475
50.0000    0.2547
50.0000    0.2526
50.0000    0.2553
50.0000    0.2523
50.0000    0.2511
50.0000    0.2387
50.0000    0.2463
50.0000    0.2457
50.0000    0.2451
50.0000    0.2472
50.0000    0.2485
50.0000    0.2547
50.0000    0.2536
50.0000    0.2540
50.0000    0.2427
50.0000    0.2514
50.0000    0.2463
50.0000    0.2493
50.0000    0.2448
50.0000    0.2408
50.0000    0.2558
50.0000    0.2546
50.0000    0.2541
50.0000    0.2617
50.0000    0.2412
50.0000    0.2478
50.0000    0.2478
50.0000    0.2455
50.0000    0.2479
50.0000    0.2500
50.0000    0.2522
50.0000    0.2465
50.0000    0.2484
50.0000    0.2542
50.0000    0.2399
50.0000    0.2508
50.0000    0.2514
50.0000    0.2419
50.0000    0.2445
50.0000    0.2513
50.0000    0.2490
50.0000    0.2496
50.0000    0.2484
50.0000    0.2457
50.0000    0.2564
50.0000    0.2487
50.0000    0.2547
50.0000    0.2465
50.0000    0.2578
50.0000    0.2576
50.0000    0.2499
50.0000    0.2431
50.0000    0.2473
50.0000    0.2501
50.0000    0.2401
50.0000    0.2508
50.0000    0.2521
50.0000    0.2480
50.0000    0.2521
50.0000    0.2476
50.0000    0.2464
50.0000    0.2520
50.0000    0.2465
50.0000    0.2512
50.0000    0.2486
50.0000    0.2535
50.0000    0.2520
50.0000    0.2493
50.0000    0.2471
50.0000    0.2572
50.0000    0.2461
50.0000    0.2489
50.0000    0.2535
50.0000    0.2514
50.0000    0.2505
50.0000    0.2426
50.0000    0.2524
50.0000    0.2506
50.0000    0.2513
50.0000    0.2524
50.0000    0.2450
50.0000    0.2427
50.0000    0.2554
50.0000    0.2511
50.0000    0.2490
50.0000    0.2519
50.0000    0.2552
50.0000    0.2508
50.0000    0.2547
50.0000    0.2456
50.0000    0.2496
33.3333    0.2440
33.3333    0.2442
33.3333    0.2541
33.3333    0.2468
33.3333    0.2400
33.3333    0.2695
33.3333    0.2409
33.3333    0.2501
33.3333    0.2571
33.3333    0.2526
33.3333    0.2556
33.3333    0.2527
33.3333    0.2604
33.3333    0.2594
33.3333    0.2408
33.3333    0.2479
33.3333    0.2549
33.3333    0.2460
33.3333    0.2507
33.3333    0.2574
33.3333    0.2625
33.3333    0.2609
33.3333    0.2517
33.3333    0.2615
33.3333    0.2491
33.3333    0.2559
33.3333    0.2526
33.3333    0.2635
33.3333    0.2491
33.3333    0.2524
33.3333    0.2561
33.3333    0.2595
33.3333    0.2483
33.3333    0.2530
33.3333    0.2582
33.3333    0.2585
33.3333    0.2517
33.3333    0.2414
33.3333    0.2567
33.3333    0.2434
33.3333    0.2388
33.3333    0.2478
33.3333    0.2568
33.3333    0.2580
33.3333    0.2514
33.3333    0.2497
33.3333    0.2434
33.3333    0.2567
33.3333    0.2555
33.3333    0.2419
33.3333    0.2497
33.3333    0.2503
33.3333    0.2530
33.3333    0.2629
33.3333    0.2439
33.3333    0.2540
33.3333    0.2453
33.3333    0.2330
33.3333    0.2488
33.3333    0.2468
33.3333    0.2502
33.3333    0.2546
33.3333    0.2571
33.3333    0.2492
33.3333    0.2445
33.3333    0.2567
33.3333    0.2532
33.3333    0.2486
33.3333    0.2555
33.3333    0.2555
33.3333    0.2485
33.3333    0.2464
33.3333    0.2449
33.3333    0.2534
33.3333    0.2511
33.3333    0.2519
33.3333    0.2471
33.3333    0.2467
33.3333    0.2620
33.3333    0.2526
33.3333    0.2418
33.3333    0.2444
33.3333    0.2494
33.3333    0.2565
33.3333    0.2505
33.3333    0.2463
33.3333    0.2447
33.3333    0.2577
33.3333    0.2491
33.3333    0.2528
33.3333    0.2507
33.3333    0.2444
33.3333    0.2603
33.3333    0.2550
33.3333    0.2510
33.3333    0.2517
33.3333    0.2427
33.3333    0.2443
33.3333    0.2528
33.3333    0.2477
25.0000    0.2553
25.0000    0.2393
25.0000    0.2551
25.0000    0.2347
25.0000    0.2528
25.0000    0.2562
25.0000    0.2469
25.0000    0.2433
25.0000    0.2565
25.0000    0.2596
25.0000    0.2524
25.0000    0.2594
25.0000    0.2356
25.0000    0.2493
25.0000    0.2458
25.0000    0.2319
25.0000    0.2528
25.0000    0.2395
25.0000    0.2594
25.0000    0.2422
25.0000    0.2588
25.0000    0.2542
25.0000    0.2576
25.0000    0.2546
25.0000    0.2352
25.0000    0.2631
25.0000    0.2547
25.0000    0.2508
25.0000    0.2299
25.0000    0.2513
25.0000    0.2425
25.0000    0.2374
25.0000    0.2422
25.0000    0.2524
25.0000    0.2412
25.0000    0.2506
25.0000    0.2489
25.0000    0.2690
25.0000    0.2536
25.0000    0.2565
25.0000    0.2448
25.0000    0.2597
25.0000    0.2476
25.0000    0.2585
25.0000    0.2555
25.0000    0.2472
25.0000    0.2411
25.0000    0.2471
25.0000    0.2558
25.0000    0.2337
25.0000    0.2500
25.0000    0.2496
25.0000    0.2387
25.0000    0.2526
25.0000    0.2573
25.0000    0.2510
25.0000    0.2405
25.0000    0.2514
25.0000    0.2515
25.0000    0.2545
25.0000    0.2561
25.0000    0.2498
25.0000    0.2583
25.0000    0.2569
25.0000    0.2554
25.0000    0.2464
25.0000    0.2492
25.0000    0.2492
25.0000    0.2499
25.0000    0.2473
25.0000    0.2511
25.0000    0.2408
25.0000    0.2566
25.0000    0.2589
25.0000    0.2548
25.0000    0.2582
25.0000    0.2589
25.0000    0.2540
25.0000    0.2509
25.0000    0.2362
25.0000    0.2490
25.0000    0.2539
25.0000    0.2435
25.0000    0.2552
25.0000    0.2633
25.0000    0.2389
25.0000    0.2456
25.0000    0.2550
25.0000    0.2385
25.0000    0.2501
25.0000    0.2530
25.0000    0.2524
25.0000    0.2588
25.0000    0.2530
25.0000    0.2416
25.0000    0.2682
25.0000    0.2566
25.0000    0.2511
25.0000    0.2411
25.0000    0.2507
20.0000    0.2405
20.0000    0.2437
20.0000    0.2317
20.0000    0.2374
20.0000    0.2642
20.0000    0.2608
20.0000    0.2682
20.0000    0.2551
20.0000    0.2527
20.0000    0.2410
20.0000    0.2391
20.0000    0.2485
20.0000    0.2454
20.0000    0.2430
20.0000    0.2488
20.0000    0.2417
20.0000    0.2634
20.0000    0.2425
20.0000    0.2437
20.0000    0.2513
20.0000    0.2646
20.0000    0.2602
20.0000    0.2501
20.0000    0.2543
20.0000    0.2579
20.0000    0.2476
20.0000    0.2441
20.0000    0.2477
20.0000    0.2464
20.0000    0.2530
20.0000    0.2383
20.0000    0.2531
20.0000    0.2439
20.0000    0.2565
20.0000    0.2546
20.0000    0.2600
20.0000    0.2611
20.0000    0.2448
20.0000    0.2585
20.0000    0.2591
20.0000    0.2402
20.0000    0.2607
20.0000    0.2306
20.0000    0.2458
20.0000    0.2685
20.0000    0.2489
20.0000    0.2650
20.0000    0.2411
20.0000    0.2483
20.0000    0.2647
20.0000    0.2737
20.0000    0.2435
20.0000    0.2407
20.0000    0.2527
20.0000    0.2599
20.0000    0.2406
20.0000    0.2430
20.0000    0.2457
20.0000    0.2480
20.0000    0.2453
20.0000    0.2367
20.0000    0.2625
20.0000    0.2478
20.0000    0.2460
20.0000    0.2549
20.0000    0.2476
20.0000    0.2536
20.0000    0.2486
20.0000    0.2343
20.0000    0.2569
20.0000    0.2577
20.0000    0.2381
20.0000    0.2522
20.0000    0.2582
20.0000    0.2636
20.0000    0.2511
20.0000    0.2503
20.0000    0.2369
20.0000    0.2399
20.0000    0.2466
20.0000    0.2411
20.0000    0.2463
20.0000    0.2443
20.0000    0.2587
20.0000    0.2447
20.0000    0.2476
20.0000    0.2369
20.0000    0.2262
20.0000    0.2405
20.0000    0.2565
20.0000    0.2471
20.0000    0.2455
20.0000    0.2491
20.0000    0.2474
20.0000    0.2657
20.0000    0.2429
20.0000    0.2464
20.0000    0.2644
20.0000    0.2635
20.0000    0.2491
16.6667    0.2562
16.6667    0.2505
16.6667    0.2502
16.6667    0.2456
16.6667    0.2538
16.6667    0.2321
16.6667    0.2639
16.6667    0.2628
16.6667    0.2486
16.6667    0.2447
16.6667    0.2503
16.6667    0.2528
16.6667    0.2755
16.6667    0.2410
16.6667    0.2489
16.6667    0.2442
16.6667    0.2354
16.6667    0.2614
16.6667    0.2365
16.6667    0.2573
16.6667    0.2571
16.6667    0.2329
16.6667    0.2544
16.6667    0.2571
16.6667    0.2412
16.6667    0.2495
16.6667    0.2623
16.6667    0.2570
16.6667    0.2377
16.6667    0.2442
16.6667    0.2318
16.6667    0.2434
16.6667    0.2453
16.6667    0.2459
16.6667    0.2462
16.6667    0.2446
16.6667    0.2366
16.6667    0.2220
16.6667    0.2487
16.6667    0.2674
16.6667    0.2462
16.6667    0.2498
16.6667    0.2584
16.6667    0.2418
16.6667    0.2379
16.6667    0.2404
16.6667    0.2447
16.6667    0.2583
16.6667    0.2394
16.6667    0.2437
16.6667    0.2503
16.6667    0.2586
16.6667    0.2622
16.6667    0.2343
16.6667    0.2643
16.6667    0.2455
16.6667    0.2465
16.6667    0.2663
16.6667    0.2466
16.6667    0.2597
16.6667    0.2410
16.6667    0.2635
16.6667    0.2534
16.6667    0.2464
16.6667    0.2592
16.6667    0.2448
16.6667    0.2432
16.6667    0.2531
16.6667    0.2523
16.6667    0.2462
16.6667    0.2505
16.6667    0.2332
16.6667    0.2487
16.6667    0.2641
16.6667    0.2588
16.6667    0.2500
16.6667    0.2604
16.6667    0.2615
16.6667    0.2507
16.6667    0.2522
16.6667    0.2502
16.6667    0.2461
16.6667    0.2564
16.6667    0.2653
16.6667    0.2295
16.6667    0.2649
16.6667    0.2505
16.6667    0.2571
16.6667    0.2450
16.6667    0.2591
16.6667    0.2505
16.6667    0.2458
16.6667    0.2637
16.6667    0.2549
16.6667    0.2534
16.6667    0.2436
16.6667    0.2507
16.6667    0.2490
16.6667    0.2567
16.6667    0.2482
14.2857    0.2469
14.2857    0.2354
14.2857    0.2580
14.2857    0.2293
14.2857    0.2586
14.2857    0.2243
14.2857    0.2526
14.2857    0.2546
14.2857    0.2458
14.2857    0.2331
14.2857    0.2331
14.2857    0.2575
14.2857    0.2489
14.2857    0.2622
14.2857    0.2516
14.2857    0.2580
14.2857    0.2692
14.2857    0.2487
14.2857    0.2568
14.2857    0.2561
14.2857    0.2541
14.2857    0.2457
14.2857    0.2551
14.2857    0.2256
14.2857    0.2376
14.2857    0.2523
14.2857    0.2603
14.2857    0.2597
14.2857    0.2611
14.2857    0.2552
14.2857    0.2485
14.2857    0.2425
14.2857    0.2546
14.2857    0.2522
14.2857    0.2484
14.2857    0.2479
14.2857    0.2471
14.2857    0.2694
14.2857    0.2569
14.2857    0.2568
14.2857    0.2513
14.2857    0.2523
14.2857    0.2545
14.2857    0.2494
14.2857    0.2361
14.2857    0.2590
14.2857    0.2410
14.2857    0.2286
14.2857    0.2575
14.2857    0.2375
14.2857    0.2449
14.2857    0.2512
14.2857    0.2451
14.2857    0.2365
14.2857    0.2642
14.2857    0.2592
14.2857    0.2630
14.2857    0.2392
14.2857    0.2448
14.2857    0.2545
14.2857    0.2532
14.2857    0.2609
14.2857    0.2397
14.2857    0.2441
14.2857    0.2604
14.2857    0.2691
14.2857    0.2544
14.2857    0.2641
14.2857    0.2760
14.2857    0.2530
14.2857    0.2417
14.2857    0.2375
14.2857    0.2466
14.2857    0.2479
14.2857    0.2536
14.2857    0.2504
14.2857    0.2498
14.2857    0.2540
14.2857    0.2439
14.2857    0.2398
14.2857    0.2418
14.2857    0.2425
14.2857    0.2663
14.2857    0.2583
14.2857    0.2467
14.2857    0.2342
14.2857    0.2362
14.2857    0.2353
14.2857    0.2428
14.2857    0.2642
14.2857    0.2642
14.2857    0.2409
14.2857    0.2615
14.2857    0.2529
14.2857    0.2585
14.2857    0.2590
14.2857    0.2440
14.2857    0.2487
14.2857    0.2521
14.2857    0.2437
12.5000    0.2612
12.5000    0.2171
12.5000    0.2722
12.5000    0.2408
12.5000    0.2571
12.5000    0.2526
12.5000    0.2655
12.5000    0.2594
12.5000    0.2275
12.5000    0.2438
12.5000    0.2464
12.5000    0.2532
12.5000    0.2752
12.5000    0.2487
12.5000    0.2466
12.5000    0.2511
12.5000    0.2571
12.5000    0.2419
12.5000    0.2415
12.5000    0.2527
12.5000    0.2309
12.5000    0.2561
12.5000    0.2451
12.5000    0.2365
12.5000    0.2530
12.5000    0.2280
12.5000    0.2648
12.5000    0.2404
12.5000    0.2604
12.5000    0.2534
12.5000    0.2715
12.5000    0.2454
12.5000    0.2452
12.5000    0.2712
12.5000    0.2701
12.5000    0.2623
12.5000    0.2544
12.5000    0.2353
12.5000    0.2347
12.5000    0.2398
12.5000    0.2421
12.5000    0.2410
12.5000    0.2395
12.5000    0.2549
12.5000    0.2525
12.5000    0.2422
12.5000    0.2621
12.5000    0.2526
12.5000    0.2485
12.5000    0.2410
12.5000    0.2471
12.5000    0.2507
12.5000    0.2527
12.5000    0.2378
12.5000    0.2392
12.5000    0.2447
12.5000    0.2491
12.5000    0.2496
12.5000    0.2434
12.5000    0.2629
12.5000    0.2500
12.5000    0.2449
12.5000    0.2473
12.5000    0.2240
12.5000    0.2546
12.5000    0.2722
12.5000    0.2369
12.5000    0.2325
12.5000    0.2684
12.5000    0.2917
12.5000    0.2405
12.5000    0.2593
12.5000    0.2684
12.5000    0.2639
12.5000    0.2408
12.5000    0.2585
12.5000    0.2496
12.5000    0.2533
12.5000    0.2758
12.5000    0.2392
12.5000    0.2494
12.5000    0.2605
12.5000    0.2701
12.5000    0.2322
12.5000    0.2423
12.5000    0.2373
12.5000    0.2413
12.5000    0.2477
12.5000    0.2428
12.5000    0.2487
12.5000    0.2473
12.5000    0.2644
12.5000    0.2523
12.5000    0.2643
12.5000    0.2390
12.5000    0.2582
12.5000    0.2520
12.5000    0.2506
12.5000    0.2177
12.5000    0.2580
11.1111    0.2446
11.1111    0.2358
11.1111    0.2659
11.1111    0.2474
11.1111    0.2414
11.1111    0.2530
11.1111    0.2795
11.1111    0.2485
11.1111    0.2522
11.1111    0.2471
11.1111    0.2422
11.1111    0.2422
11.1111    0.2502
11.1111    0.2639
11.1111    0.2636
11.1111    0.2342
11.1111    0.2533
11.1111    0.2438
11.1111    0.2611
11.1111    0.2547
11.1111    0.2443
11.1111    0.2374
11.1111    0.2358
11.1111    0.2366
11.1111    0.2468
11.1111    0.2663
11.1111    0.2463
11.1111    0.2536
11.1111    0.2361
11.1111    0.2608
11.1111    0.2411
11.1111    0.2681
11.1111    0.2353
11.1111    0.2548
11.1111    0.2517
11.1111    0.2620
11.1111    0.2581
11.1111    0.2372
11.1111    0.2461
11.1111    0.2416
11.1111    0.2450
11.1111    0.2505
11.1111    0.2398
11.1111    0.2415
11.1111    0.2531
11.1111    0.2438
11.1111    0.2569
11.1111    0.2510
11.1111    0.2483
11.1111    0.2458
11.1111    0.2375
11.1111    0.2447
11.1111    0.2756
11.1111    0.2464
11.1111    0.2505
11.1111    0.2505
11.1111    0.2478
11.1111    0.2488
11.1111    0.2429
11.1111    0.2603
11.1111    0.2404
11.1111    0.2213
11.1111    0.2381
11.1111    0.2270
11.1111    0.2680
11.1111    0.2725
11.1111    0.2384
11.1111    0.2327
11.1111    0.2493
11.1111    0.2570
11.1111    0.2420
11.1111    0.2429
11.1111    0.2445
11.1111    0.2592
11.1111    0.2555
11.1111    0.2656
11.1111    0.2455
11.1111    0.2784
11.1111    0.2689
11.1111    0.2441
11.1111    0.2437
11.1111    0.2483
11.1111    0.2490
11.1111    0.2495
11.1111    0.2590
11.1111    0.2485
11.1111    0.2698
11.1111    0.2309
11.1111    0.2495
11.1111    0.2590
11.1111    0.2442
11.1111    0.2526
11.1111    0.2638
11.1111    0.2684
11.1111    0.2422
11.1111    0.2276
11.1111    0.2409
11.1111    0.2303
11.1111    0.2354
11.1111    0.2401
10.0000    0.2638
10.0000    0.2473
10.0000    0.2441
10.0000    0.2663
10.0000    0.2454
10.0000    0.2497
10.0000    0.2424
10.0000    0.2447
10.0000    0.2505
10.0000    0.2343
10.0000    0.2698
10.0000    0.2362
10.0000    0.2597
10.0000    0.2586
10.0000    0.2249
10.0000    0.2559
10.0000    0.2600
10.0000    0.2528
10.0000    0.2438
10.0000    0.2606
10.0000    0.2513
10.0000    0.2391
10.0000    0.2205
10.0000    0.2638
10.0000    0.2414
10.0000    0.2427
10.0000    0.2533
10.0000    0.2435
10.0000    0.2424
10.0000    0.2650
10.0000    0.2615
10.0000    0.2495
10.0000    0.2487
10.0000    0.2427
10.0000    0.2681
10.0000    0.2389
10.0000    0.2528
10.0000    0.2503
10.0000    0.2354
10.0000    0.2505
10.0000    0.2467
10.0000    0.2450
10.0000    0.2258
10.0000    0.2448
10.0000    0.2530
10.0000    0.2492
10.0000    0.2353
10.0000    0.2494
10.0000    0.2403
10.0000    0.2489
10.0000    0.2470
10.0000    0.2565
10.0000    0.2437
10.0000    0.2506
10.0000    0.2231
10.0000    0.2415
10.0000    0.2573
10.0000    0.2428
10.0000    0.2446
10.0000    0.2806
10.0000    0.2481
10.0000    0.2497
10.0000    0.2361
10.0000    0.2648
10.0000    0.2740
10.0000    0.2628
10.0000    0.2570
10.0000    0.2572
10.0000    0.2571
10.0000    0.2585
10.0000    0.2564
10.0000    0.2454
10.0000    0.2514
10.0000    0.2537
10.0000    0.2645
10.0000    0.2840
10.0000    0.2407
10.0000    0.2657
10.0000    0.2343
10.0000    0.2272
10.0000    0.2427
10.0000    0.2620
10.0000    0.2158
10.0000    0.2558
10.0000    0.2315
10.0000    0.2263
10.0000    0.2628
10.0000    0.2594
10.0000    0.2650
10.0000    0.2590
10.0000    0.2775
10.0000    0.2481
10.0000    0.2368
10.0000    0.2298
10.0000    0.2337
10.0000    0.2396
10.0000    0.2492
10.0000    0.2391
10.0000    0.2495
10.0000    0.2475
100.0000    0.2500
100.0000    0.2500
100.0000    0.2500
100.0000    0.2500
100.0000    0.2500
100.0000    0.2500
100.0000    0.2500
100.0000    0.2500
100.0000    0.2500
100.0000    0.2500
100.0000    0.2500
100.0000    0.2500
100.0000    0.2500
100.0000    0.2500
100.0000    0.2500
100.0000    0.2500
100.0000    0.2500
100.0000    0.2500
100.0000    0.2500
100.0000    0.2500
100.0000    0.2500
100.0000    0.2500
100.0000    0.2500
100.0000    0.2500
100.0000    0.2500
100.0000    0.2500
100.0000    0.2500
100.0000    0.2500
100.0000    0.2500
100.0000    0.2500
100.0000    0.2500
100.0000    0.2500
100.0000    0.2500
100.0000    0.2500
100.0000    0.2500
100.0000    0.2500
100.0000    0.2500
100.0000    0.2500
100.0000    0.2500
100.0000    0.2500
100.0000    0.2500
100.0000    0.2500
100.0000    0.2500
100.0000    0.2500
100.0000    0.2500
100.0000    0.2500
100.0000    0.2500
100.0000    0.2500
100.0000    0.2500
100.0000    0.2500
100.0000    0.2500
100.0000    0.2500
100.0000    0.2500
100.0000    0.2500
100.0000    0.2500
100.0000    0.2500
100.0000    0.2500
100.0000    0.2500
100.0000    0.2500
100.0000    0.2500
100.0000    0.2500
100.0000    0.2500
100.0000    0.2500
100.0000    0.2500
100.0000    0.2500
100.0000    0.2500
100.0000    0.2500
100.0000    0.2500
100.0000    0.2500
100.0000    0.2500
100.0000    0.2500
100.0000    0.2500
100.0000    0.2500
100.0000    0.2500
100.0000    0.2500
100.0000    0.2500
100.0000    0.2500
100.0000    0.2500
100.0000    0.2500
100.0000    0.2500
100.0000    0.2500
100.0000    0.2500
100.0000    0.2500
100.0000    0.2500
100.0000    0.2500
100.0000    0.2500
100.0000    0.2500
100.0000    0.2500
100.0000    0.2500
100.0000    0.2500
100.0000    0.2500
100.0000    0.2500
100.0000    0.2500
100.0000    0.2500
100.0000    0.2500
100.0000    0.2500
100.0000    0.2500
100.0000    0.2500
100.0000    0.2500
100.0000    0.2500
